time: 31 file: ./results-200mb-10sec/normal-200mb-10sec.json runat:2020-02-25 11:49:14.440568
time: 13 file: ./results-200mb-10sec/async-200mb-10sec.json runat:2020-02-25 11:49:14.456872
time: 29 file: ./results-200mb-10sec/normal-200mb-10sec.json runat:2020-02-25 11:52:58.657274
time: 13 file: ./results-200mb-10sec/async-200mb-10sec.json runat:2020-02-25 11:52:58.672962
