time: 21 file: ./results-200mb-10sec/normal-200mb-10sec.json runat:2020-02-25 12:38:08.449094
time: 14 file: ./results-200mb-10sec/async-200mb-10sec.json runat:2020-02-25 12:38:08.465734
time: 20 file: ./results-200mb-10sec/normal-200mb-10sec.json runat:2020-02-25 12:42:58.277839
time: 13 file: ./results-200mb-10sec/async-200mb-10sec.json runat:2020-02-25 12:42:58.293300
