time: 26 file: ./results-200mb-10sec/normal-200mb-10sec.json runat:2020-03-09 17:26:01.646986
time: 14 file: ./results-200mb-10sec/async-200mb-10sec.json runat:2020-03-09 17:26:01.663049
time: 21 file: ./results-200mb-10sec/normal-200mb-10sec.json runat:2020-03-09 17:29:10.613586
time: 13 file: ./results-200mb-10sec/async-200mb-10sec.json runat:2020-03-09 17:29:10.628684
