time: 22 file: ./results-200mb-10sec/normal-200mb-10sec.json runat:2020-02-24 21:49:38.811976
time: 31 file: ./results-200mb-10sec/async-200mb-10sec.json runat:2020-02-24 21:49:38.826755
time: 23 file: ./results-200mb-10sec/normal-200mb-10sec.json runat:2020-02-24 21:53:23.196428
time: 24 file: ./results-200mb-10sec/async-200mb-10sec.json runat:2020-02-24 21:53:23.211295
