time: 20 file: ./results-control/normal-control.json runat:2020-02-25 11:41:34.065879
time: 21 file: ./results-control/async-control.json runat:2020-02-25 11:41:34.082204
time: 17 file: ./results-control/normal-control.json runat:2020-02-25 11:45:17.577201
time: 13 file: ./results-control/async-control.json runat:2020-02-25 11:45:17.591983
