time: 18 file: ./results-control/normal-control.json runat:2020-02-25 08:21:50.722339
time: 18 file: ./results-control/async-control.json runat:2020-02-25 08:21:50.737793
time: 18 file: ./results-control/normal-control.json runat:2020-02-25 08:26:04.226712
time: 19 file: ./results-control/async-control.json runat:2020-02-25 08:26:04.241865
