time: 18 file: ./results-control/normal-control.json runat:2020-03-09 17:18:32.331100
time: 27 file: ./results-control/async-control.json runat:2020-03-09 17:18:32.347371
time: 19 file: ./results-control/normal-control.json runat:2020-03-09 17:23:01.791257
time: 13 file: ./results-control/async-control.json runat:2020-03-09 17:23:01.806882
