time: 69 file: ./results-600mb-10sec/normal-600mb-10sec.json runat:2020-03-09 17:33:31.240605
time: 21 file: ./results-600mb-10sec/async-600mb-10sec.json runat:2020-03-09 17:33:31.258819
time: 31 file: ./results-600mb-10sec/normal-600mb-10sec.json runat:2020-03-09 17:37:11.558668
time: 21 file: ./results-600mb-10sec/async-600mb-10sec.json runat:2020-03-09 17:37:11.574015
