time: 22 file: ./results-control/normal-control.json runat:2020-02-25 12:30:08.956727
time: 13 file: ./results-control/async-control.json runat:2020-02-25 12:30:08.971801
time: 19 file: ./results-control/normal-control.json runat:2020-02-25 12:33:52.765542
time: 13 file: ./results-control/async-control.json runat:2020-02-25 12:33:52.781830
