time: 21 file: ./results-200mb-10sec/normal-200mb-10sec.json runat:2020-02-25 08:30:21.808954
time: 22 file: ./results-200mb-10sec/async-200mb-10sec.json runat:2020-02-25 08:30:21.824742
time: 21 file: ./results-200mb-10sec/normal-200mb-10sec.json runat:2020-02-25 08:34:43.548612
time: 21 file: ./results-200mb-10sec/async-200mb-10sec.json runat:2020-02-25 08:34:43.564136
